F8 92 00 00 C4 86 00 00 00 D4 39 D1 0E 81 01 00
06 D8 01 00 96 75 01 00 2C 24 02 00 14 4B 01 00
C4 52 01 00 D2 03 02 00 40 26 01 00 A0 EC 30 53
02 00 4E EA 00 00 5A 83 00 00 72 87 00 00 D4 BA
02 00 86 9A 00 00 90 8F 00 00 0C EA 00 00 2E 90
00 00 02 00 90 8F 00 00 E8 E9 00 00 86 9A 00 00
90 8F 00 00 00 00 00 00 42 07 01 00 18 D8 0D 11
02 00 00 D4 DA 61 AA D4 44 07 00 00 40 07 E2 30
01 00 0D 00 4E EA EA D7 01 00 96 75 01 00 2E 90
00 00 F5 D0 1A 65 01 00 2E 90 00 00 E8 E9 1A 65
01 00 16 4B 01 00 CC F7 00 00 D4 BA 02 00 7C 93
00 00 76 0E 01 00 10 DA 00 00 11 45 22 40 01 00
10 8F 00 00 34 61 01 00 0C EA A0 EC 16 39 01 00
5A A5 01 00 38 1D 02 00 34 61 01 00 32 D8 5E D9
16 39 01 00 34 61 01 00 00 D4 40 00 26 90 00 00
EC 7E 00 00 D4 BA 02 00 36 32 01 00 10 03 E0 E9
30 D7 24 D7 C4 52 01 00 8A CD 00 00 5C D8 92 9D
00 00 44 07 01 00 66 53 02 00 00 00 00 D9 76 0E
01 00 52 EA 02 00 00 FB 34 61 01 00 11 45 56 EA
A8 3A 01 00 16 4B 01 00 0E 81 01 00 02 4F 01 00
E6 6C 01 00 BE 3A 01 00 0E 81 01 00 1A 65 01 00
DC E7 01 00 00 00 6C 19 02 00 BE 3A 01 00 0E 81
01 00 10 8F 00 00 F0 9B 01 00 34 61 01 00 B6 D8
00 00 72 19 02 00 16 39 01 00 52 0B 02 00 20 D9
00 00 04 4F 01 00 FF FF 01 00 40 26 01 00 11 00
56 8D 00 00 0E 81 01 00 76 60 01 00 DC E7 01 00
00 00 14 4B 01 00 0E 81 01 00 6C 19 02 00 1A 65
01 00 52 0B 02 00 20 D9 00 00 14 4B 01 00 18 8F
00 00 1A 65 01 00 34 61 01 00 64 D9 68 D9 16 39
01 00 86 9A 00 00 42 07 01 00 42 D8 90 8F 00 00
54 D8 00 00 86 9A 00 00 90 8F 00 00 68 D9 94 D9
10 11 02 00 5E D9 86 9A F0 EB 90 8F 00 00 BE D8
36 1D 92 DA 01 00 4A D8 20 00 90 8F 00 00 00 00
24 D9 CC 79 01 00 02 00 54 D8 1A 65 01 00 E2 30
01 00 10 00 20 D9 00 00 01 00 1A 65 01 00 13 8B
00 00 1E D8 1E D8 40 07 01 00 E2 30 01 00 0C F0
02 00 CC EB 00 E4 0E 81 01 00 06 D8 01 00 02 4F
01 00 0E 81 01 00 20 4A 02 00 12 4B 01 00 76 60
01 00 36 1D 02 00 40 26 01 00 0C F0 0E 81 01 00
8A D8 00 00 7E 5F 01 00 14 4B 01 00 96 E2 00 00
62 D9 00 00 36 1D 02 00 FC FF 04 05 06 07 08 09
0A 0B 0C 0D 0E 0F 04 00 08 09 0A 0B 04 05 06 07
00 01 02 03 01 00 02 06 0A 0E 01 05 09 0D 00 04
08 0C FF FF 01 05 09 0D 02 06 0A 0E 03 07 0B 0F
40 02 50 02 60 02 70 02 40 12 50 12 60 12 70 12
40 22 50 22 60 22 70 22 40 32 50 32 60 32 70 32
80 04 B8 D9 3C D8 40 08 C6 D9 3C D8 80 08 D4 D9
3C D8 40 04 E2 D9 3C D8 04 10 00 00 06 D8 22 D8