a8 9f 30 30 e0 a0 30 30 34 7b 31 30 11 d1 c1 00 
d2 03 32 30 34 7b 31 30 13 d1 01 00 d2 03 32 30 
34 7b 31 30 37 d1 0a 00 d2 03 32 30 34 7b 31 30 
19 01 96 d8 41 0c 32 30 34 7b 31 30 47 21 2d 00 
4e 90 30 30 de 3d 32 30 02 26 31 30 01 01 3c 9f 
30 30 60 8c 30 30 34 7b 31 30 2e d3 01 01 30 dc 

31 30 34 7b 31 30 66 d8 38 d3 22 79 31 30 34 7b 
31 30 66 d8 6e d8 d8 39 31 30 34 7b 31 30 66 d8 
42 d3 22 79 31 30 34 7b 31 30 66 d8 6e d8 d8 39 
31 30 34 7b 31 30 38 d3 7d d8 b8 79 32 30 02 26 
31 30 00 00 34 7b 31 30 42 d3 80 d8 b8 79 32 30 
02 26 31 30 00 00 34 7b 31 30 11 d1 89 00 d2 03 

32 30 34 7b 31 30 6c d8 6c d1 44 33 31 30 02 26 
31 30 6c d1 8c dc 31 30 a8 9f 30 30 30 ac 32 30 
74 89 31 30 01 00 e6 9a 30 30 74 89 31 30 68 d8 
9a 3b 31 30 d6 4b 31 30 02 26 31 30 24 11 41 0c 
32 30 7e 94 30 30 34 7b 31 30 30 20 7d d8 41 0c 
32 30 34 7b 31 30 60 20 80 d8 41 0c 32 30 7e 94 

30 30 da 7b 31 30 30 d6 84 d1 30 30 2e d6 cc 03 
32 30 74 1f 32 30 6e d8 86 d8 88 d8 73 d8 87 30 
2c 37 00 43 a5 44 00 00 00 00 00 00 00 30 30 00 
30 30 00 30 30 00 20 00 70 65 6e 2d 73 68 6f 6f 
74 20 6f 75 74 00 41 49 20 73 63 6f 72 65 20 70 
72 65 64 69 63 74 6f 72 00